[gd_scene load_steps=8 format=3 uid="uid://kq7k3m5o3lgo"]

[ext_resource type="Material" path="res://asset/material/floor.material" id="1"]
[ext_resource type="PackedScene" path="res://src/player/player.tscn" id="2"]
[ext_resource type="Material" path="res://asset/material/green.material" id="3"]
[ext_resource type="Script" path="res://src/environment/grapple_platforms.gd" id="4"]
[ext_resource type="PackedScene" path="res://src/environment/sun.tscn" id="5"]
[ext_resource type="Material" path="res://asset/material/box.material" id="6"]

[sub_resource type="BoxShape3D" id="1"]

[node name="Main" type="Node3D"]

[node name="Environment" type="Node3D" parent="."]

[node name="Sunlight" parent="Environment" instance=ExtResource("5")]

[node name="Floor" type="CSGBox3D" parent="Environment"]
material_override = ExtResource("1")
use_collision = true
size = Vector3(200, 1, 200)

[node name="Boxes" type="Node3D" parent="Environment"]

[node name="Box" type="RigidBody3D" parent="Environment/Boxes"]
transform = Transform3D(1, 0, 0, 0, 1, 0, 0, 0, 1, 0, 9.22252, -9.64223)
mass = 2.0

[node name="Mesh" type="CSGBox3D" parent="Environment/Boxes/Box"]
material_override = ExtResource("6")

[node name="Hitbox" type="CollisionShape3D" parent="Environment/Boxes/Box"]
shape = SubResource("1")

[node name="Box2" type="RigidBody3D" parent="Environment/Boxes"]
transform = Transform3D(1, 0, 0, 0, 1, 0, 0, 0, 1, 1.47332, 12.2393, -9.64223)
mass = 2.0

[node name="Mesh" type="CSGBox3D" parent="Environment/Boxes/Box2"]
material_override = ExtResource("6")

[node name="Hitbox" type="CollisionShape3D" parent="Environment/Boxes/Box2"]
shape = SubResource("1")

[node name="Box3" type="RigidBody3D" parent="Environment/Boxes"]
transform = Transform3D(1, 0, 0, 0, 1, 0, 0, 0, 1, -0.270512, 14.6235, -9.64223)
mass = 2.0

[node name="Mesh" type="CSGBox3D" parent="Environment/Boxes/Box3"]
material_override = ExtResource("6")

[node name="Hitbox" type="CollisionShape3D" parent="Environment/Boxes/Box3"]
shape = SubResource("1")

[node name="GrappleThings" type="Node3D" parent="Environment"]
script = ExtResource("4")

[node name="Label" type="Label" parent="Environment/GrappleThings"]
anchors_preset = 10
anchor_right = 1.0
offset_top = 17.0
offset_bottom = 48.0
text = "Press HOME to restart, Q/E to grapple,
Click the game then press TAB to begin"

[node name="Grapple thing" type="CSGBox3D" parent="Environment/GrappleThings"]
transform = Transform3D(1, 0, 0, 0, 1, 0, 0, 0, 1, 0, 18.3459, 24.6303)
material_override = ExtResource("3")
use_collision = true
size = Vector3(31.2837, 4.85819, 25.8052)

[node name="Grapple thing2" type="CSGBox3D" parent="Environment/GrappleThings"]
transform = Transform3D(0.69819, -0.617442, 0.362348, 0.278689, 0.700618, 0.656862, -0.659442, -0.357632, 0.661238, -17.48, 41.4809, 13.0713)
material_override = ExtResource("3")
use_collision = true
size = Vector3(15.476, 4.85819, 30.2716)

[node name="Grapple thing3" type="CSGBox3D" parent="Environment/GrappleThings"]
transform = Transform3D(0.709022, 0.279072, -0.647616, -0.605667, 0.711363, -0.356554, 0.361185, 0.645044, 0.673397, -38.5646, 68.219, 9.54915)
material_override = ExtResource("3")
use_collision = true
size = Vector3(12.366, 8.76155, 17.5723)

[node name="Grapple thing4" type="CSGBox3D" parent="Environment/GrappleThings"]
transform = Transform3D(0.709022, 0.279072, -0.647616, -0.605667, 0.711363, -0.356554, 0.361185, 0.645044, 0.673397, 23.4246, 36.2759, 7.29769)
material_override = ExtResource("3")
use_collision = true
size = Vector3(12.366, 20.577, 16.4405)

[node name="Grapple thing5" type="CSGBox3D" parent="Environment/GrappleThings"]
transform = Transform3D(0.709022, 0.279072, -0.647616, -0.605667, 0.711363, -0.356554, 0.361185, 0.645044, 0.673397, -39.8587, 35.1602, -20.8168)
material_override = ExtResource("3")
use_collision = true
size = Vector3(12.366, 9.80752, 13.7314)

[node name="Grapple thing6" type="CSGBox3D" parent="Environment/GrappleThings"]
transform = Transform3D(0.709022, 0.279072, -0.647616, -0.605667, 0.711363, -0.356554, 0.361185, 0.645044, 0.673397, 1.57774, 26.5025, -46.8055)
material_override = ExtResource("3")
use_collision = true
size = Vector3(12.366, 27.5229, 16.4405)

[node name="Grapple thing7" type="CSGBox3D" parent="Environment/GrappleThings"]
transform = Transform3D(1, 0, 0, 0, 1, 0, 0, 0, 1, 9.23999, 77.7442, 11.748)
material_override = ExtResource("3")
use_collision = true
size = Vector3(31.2837, 4.85819, 25.8052)

[node name="Grapple thing8" type="CSGBox3D" parent="Environment/GrappleThings"]
transform = Transform3D(0.69819, -0.617442, 0.362348, 0.278689, 0.700618, 0.656862, -0.659442, -0.357632, 0.661238, -8.24001, 100.879, 0.188991)
material_override = ExtResource("3")
use_collision = true
size = Vector3(15.476, 4.85819, 30.2716)

[node name="Grapple thing9" type="CSGBox3D" parent="Environment/GrappleThings"]
transform = Transform3D(0.709022, 0.279072, -0.647616, -0.605667, 0.711363, -0.356554, 0.361185, 0.645044, 0.673397, -29.3246, 127.617, -3.33316)
material_override = ExtResource("3")
use_collision = true
size = Vector3(12.366, 8.76155, 17.5723)

[node name="Grapple thing10" type="CSGBox3D" parent="Environment/GrappleThings"]
transform = Transform3D(0.709022, 0.279072, -0.647616, -0.605667, 0.711363, -0.356554, 0.361185, 0.645044, 0.673397, 32.6646, 95.6742, -5.58462)
material_override = ExtResource("3")
use_collision = true
size = Vector3(12.366, 20.577, 16.4405)

[node name="Grapple thing11" type="CSGBox3D" parent="Environment/GrappleThings"]
transform = Transform3D(0.709022, 0.279072, -0.647616, -0.605667, 0.711363, -0.356554, 0.361185, 0.645044, 0.673397, -30.6187, 94.5585, -33.6991)
material_override = ExtResource("3")
use_collision = true
size = Vector3(12.366, 9.80752, 13.7314)

[node name="Grapple thing12" type="CSGBox3D" parent="Environment/GrappleThings"]
transform = Transform3D(0.709022, 0.279072, -0.647616, -0.605667, 0.711363, -0.356554, 0.361185, 0.645044, 0.673397, 10.8177, 85.9008, -59.6878)
material_override = ExtResource("3")
use_collision = true
size = Vector3(12.366, 27.5229, 16.4405)

[node name="Player" parent="." instance=ExtResource("2")]
grapple_point = NodePath("../GrapplePoint")

[node name="GrapplePoint" type="CSGSphere3D" parent="."]
transform = Transform3D(1, 0, 0, 0, 1, 0, 0, 0, 1, 0, 1.1626, 0)
radius = 0.25
